3637
3639
3640
3641
3642
3643
3648
3654
3655
3657
3658
3659
3662
3664
3665
3667
3671
3672
3674
3675
3676
3687
3688
3759
3789
3792
3793
3796
3799
3800
3805
3816
3819
3821
3822
3825
3826
3827
3828
3832
3833
3842
3848
3849
3854
3858
3859
3862
3864
3867
3873
3874
3876
3879
3883
3886
3887
3888
3890
3897
3899
3900
3901
3902
3906
3908
3917
3922
3924
3928
3934
4030
4031
4033
4037
4038
4039
4040
4041
4042
4043
4044
4045
4046
4047
4049
4054
4055
4056
4057
4059
4062
4063
4064
4065
4066
4067
4069
4070
4071
4075
4076
4079
4080
4082
4083
4085
4086
4088
4091
4093
4094
4096
4101
4102
4103
4104
4105
4106
4107
4113
4117
4118
4122
4123
4128
4129
4131
4173
4176
4177
4179
4182
4183
4184
4188
4192
4193
4194
4196
4204
4205
4207
4218
4219
4222
4223
4230
4233
4234
4235
4238
4247
4250
4254
4256
4257
4258
4260
4262
4263
4264
4265
4267
4268
4269
4272
4273
4274
4275
4276
4277
4278
4280
4282
4284
4286
4289
4290
4295
4297
4298
4301
4302
4306
4308
4310
4311
4319
4320
4321
4322
4323
4324
4326
4327
4329
4333
4334
4335
4336
4338
4339
4346
4347
4353
4354
4357
4362
4364
4366
4371
4372
4373
4375
4377
4382
4383
4384
4385
4386
4391
4393
4397
4398
4403
4408
4409
4411
4420
4421
4426
4427
4430
4434
4435
4439
4440
4441
4442
4446
4447
4455
4456
4458
4460
4466
4468
4469
4471
4473
4476
4477
4478
4481
4482
4346
4347
4353
4354
4357
4362
4364
4366
4371
4372
4373
4375
4377
4382
4383
4384
4385
4386
4391
4393
4397
4398
4403
4408
4409
4411
4420
4421
4426
4427
4430
4434
4435
4439
4440
4441
4442
4446
4447
4455
4456
4458
4460
4466
4468
4469
4471
4473
4476
4477
4478
4481
4482
4484
4485
4487
4490
4491
4492
4493
4497
4498
4499
4502
4551
4552
4553
4556
4558
4559
4560
4561
4583
4588
4590
4593
4600
4601
4602
4603
4620
4622
4624
4625
4626
4627
4632
4638
4639
4640
4645
4650
4657
4658
4662
4667
4668
4679
4680
4683
4686
4687
4690
4691
4693
4695
4606
4697
4698
4701
4702
4703
4704
4706
4707
4709
4724
4726
4727
4728
4749
4750
4751
4752
4753
4755
4762
4766
4768
4770
4774
4775
4781
4782
4785
4787
4788
4789
4792
4796
4804
4807
4810
4816
4818
4819
4820
4822
4824
4834
4836
4837
4838
4842
4843
4844
4845
4873
4884
4886
4887
4891
4896
4898
4899
4900
4902
4905
4906
4908
4909
4911
4913
4914
4915
4916
4917
4919
4923
4924
4930
4942
4946
4947
4948
4949
4950
4958
4959
4963
4964
4965
4968
4969
4970
4973
4976
4977
4978
4979
4980
4982
4983
4984
4988
4989
4991
4992
4993
4995
4996
4998
5004
5006
5007
5010
5011
5013
5015
5016
5017
5027
5028
5029
5030
5031
5032
5033
5034
5037
5038
5040
5041
5042
5043
5046
5048
5053
5054
5056
5057
5058
5059
5060
5062
5063
5074
5075
5076
5079
5084
5085
5089
5090
5091
5100
5103
5104
5105
5106
5109
5110
5111
5112
5115
5118
5120
5123
5125
5127
5129
5130
5132
5136
5139
5144
5148
5150
5154
5156
5159
5161
5162
5163
5164
5165
5166
5168
5169
5171
5174
5177
5178
5179
5181
5184
5188
5189
5190
5192
5193
5195
5196
5197
5210
5211
5212
5213
5214
5215
5218
5220
5221
5224
5227
5228
5230
5234
5240
5242
5250
5253
5254
5256
5257
5258
5263
5267
5272
5278
5279
5280
5282
5295
5296
5300
5301
5302
5307
5311
5312
5313
5316
5317
5326
5328
5329
5330
5331
5334
5337
5340
5343
5345
5350
5354
5358
5359
5360
5361
5362
5365
5370
5371
5372
5374
5375
5377
5384
5390
5391
5394
5397
5398
5400
5405
5408
5409
5411
5412
5414
5415
5416
5417
5419
5420
5425
5429
5430
5433
5434
5435
5436
5437
5440
5441
5443
5444
5452
5456
5459
5461
5462
5468
5469
5472
5473
5475
5477
5478
5480
5483
5486
5488
5489
5490
5493
5494
5495
5497
5499
5500
5502
5504
5507
5511
5512
5515
5518
5519
5525
5531
5532
5533
5535
5537
5538
5540
5543
5544
5545
5546
5547
5578
5579
5580
5582
5599
5611
5613
5614
5618
5620
5622
5626
5632
5633
5634
5635
5636
5637
5639
5641
5642
5647
5651
5655
5656
5659
5663
5664
5666
5668
5669
5670
5673
5676
5677
5678
5679
5680
5681
5682
5684
5685
5686
5689
5690
5691
5694
5695
5696
5699
5701
5702
5703
5705
5707
5711
5712
5713
5717
5727
5730
5731
5732
5738
5743
5744
5745
5747
5754
5755
5757
5758
5759
5763
5764
5766
5770
5771
5772
5773
5774
5776
5778
5779
5781
5782
5783
5785
5788
5800
5802
5804
5805
5809
5810
